382
470
863
815
76
609
541
775
42
368
250
795
320
771
247
683
894
609
444
294
829
208
59
887
505
935
392
282
405
969
294
117
601
609
608
468
980
961
449
134
898
42
458
526
132
692
583
172
255
153
911
20
568
405
123
173
779
200
25
624
562
135
612
846
718
421
696
984
666
824
727
46
374
557
924
348
528
134
50
846
62
972
14
645
716
347
482
559
448
606
376
266
110
471
619
351
65
599
346
930
89
722
467
649
31
309
10
427
837
98
298
37
136
660
579
569
481
547
867
536
595
144
938
467
18
428
859
823
818
137
372
892
426
92
685
5
364
316
959
98
171
408
882
319
572
103
370
216
477
977
337
891
945
119
901
156
161
200
688
77
223
750
865
976
603
302
884
835
854
844
484
149
372
758
926
515
593
487
759
793
876
29
611
668
320
103
863
923
759
926
603
56
689
238
592
136
398
703
229
567
978
978
527
383
302
83
769
948
189
859
689
501
871
553
772
868
622
75
270
684
532
286
321
234
210
890
162
645
349
932
365
662
245
79
608
234
645
725
105
185
809
150
801
968
17
278
575
374
802
985
970
95
467
630
830
456
982
548
448
322
736
324
223
11
701
426
257
348
936
950
18
35
361
973
861
453
59
751
319
142
697
865
369
637
710
967
24
132
772
22
772
973
422
3
949
302
426
936
575
754
294
583
646
996
904
393
252
279
182
598
274
157
52
740
532
328
409
775
437
563
283
436
120
319
680
26
590
721
652
872
450
664
263
674
898
238
495
871
225
264
784
364
66
823
760
277
942
424
765
118
749
742
66
80
703
927
176
969
382
391
543
164
174
347
314
325
935
604
934
984
938
918
633
176
82
805
433
666
528
792
663
34
844
427
164
880
769
427
94
460
135
434
301
235
935
196
221
148
917
374
982
560
584
291
254
9
911
590
414
425
762
346
236
183
929
984
794
522
500
71
678
936
470
965
116
553
795
226
678
879
684
892
868
201
746
787
125
611
441
730
415
337
472
954
450
723
732
809
98
682
758
550
971
904
1
278
808
541
709
46
691
507
72
848
893
899
119
890
291
655
490
308
332
805
64
300
553
567
334
958
543
795
497
794
710
348
176
278
300
185
651
809
681
883
208
10
883
325
863
297
539
269
440
140
687
751
354
742
646
701
509
215
829
924
782
744
209
409
282
975
472
560
223
732
773
250
593
757
173
952
884
531
915
484
868
758
298
128
807
375
159
577
400
596
204
472
917
988
798
444
456
900
672
548
304
450
582
687
68
171
238
196
46
32
794
966
428
287
247
643
236
118
936
613
825
57
677
404
459
689
804
599
331
480
908
496
966
777
524
889
53
591
406
61
75
585
739
655
524
516
251
228
985
949
916
665
844
801
802
342
408
232
24
580
525
324
257
457
696
808
105
3
818
62
338
531
897
438
391
288
542
745
830
534
113
518
644
427
466
761
837
649
266
89
851
57
722
261
549
535
653
13
394
857
687
872
267
229
525
972
797
796
623
301
206
393
835
813
162
222
746
194
734
839
258
543
297
329
634
969
758
547
1
858
590
673
811
379
115
462
695
323
740
370
698
484
683
706
805
299
31
1
502
364
432
589
926
647
828
753
968
820
350
960
711
673
664
660
56
258
929
855
647
444
896
629
254
149
761
240
847
943
513
545
469
223
76
270
71
679
877
352
971
343
998
282
770
108
290
857
237
210
981
794
865
560
898
50
944
406
63
63
327
319
914
385
242
626
138
335
856
954
980
33
181
402
310
791
957
272
126
967
546
331
169
164
530
330
729
959
320
366
215
420
273
167
585
798
782
118
715
649
880
11
892
8
1
434
90
338
550
541
117
415
307
123
330
233
11
691
205
834
986
572
554
153
495
167
378
671
494
617
160
384
622
977
359
130
187
571
778
601
995
527
909
454
482
59
919
635
343
935
269
211
798
630
896
555
159
497
69
988
232
341
750
746
222
162
386
166
78
595
321
417
65
930
722
309
139
996
476
363
104
79
60
655
536
580
649
315
559
734
980
987
452
759
557
561
874
215
329
635
853
950
875
895
2
203
265
905
765
953
400
875
629
459
55
598
620
648
890
928
251
144
676
541
902
371
288
623
970
339
219
865
711
183
286
713
46
915
852
58
613
996
395
147
759
19
99
791
469
26
668
419
279
459
96
128
867
442
849
626
911
65
918
877
230
766
303
516
397
439
90
843
989
977
965
223
528
201
304
212
631
454
438
592
119
918
882
831
569
306
65
772
485
200
62
266
762
38
24
44
901
72
449
635
94
38
830
205
292
894
302
180
970
340
387
93
687
829
283
56
35
276
248
266
283
495
878
210
516
345
926
108
966
557
192
189
298
207
718
755
620
372
588
293
24
803
458
124
698
601
206
155
238
130
449
43
889
359
449
375
594
583
872
47
164
374
169
50
231
25
809
858
637
199
989
151
847
989
923
646
208
383
852
765
449
698
561
438
620
149
905
499
973
187
300
640
580
545
428
313
148
839
998
961
638
324
501
372
516
66
863
534
875
79
397
102
4
882
872
591
213
116
559
327
164
216
316
437
133
634
409
30
873
744
970
473
589
480
286
119
45
147
241
484
375
138
439
899
228
122
720
20
211
842
309
54
555
786
55
276
426
871
933
714
589
861
888
554
197
672
167
421
720
17
5
651
185
349
191
1
726
332
908
635
188
834
908
647
937
661
588
796
292
102
12
187
780
358
984
809
997
565
266
391
54
165
683
259
966
774
835
191
949
670
576
818
710
962
161
31
141
775
471
929
117
775
433
442
793
91
72
386
201
158
386
718
565
111
230
122
815
295
591
862
418
337
409
73
46
194
942
918
681
418
235
170
713
289
49
874
849
948
59
152
854
118
33
851
136
396
592
999
871
181
827
281
600
860
922
269
940
804
57
441
671
608
868
210
792
425
515
812
386
780
184
64
480
193
124
333
215
365
408
496
476
295
738
169
771
827
80
448
78
198
801
384
799
961
754
212
386
293
777
860
422
357
549
693
525
124
853
787
538
215
325
641
702
474
537
821
19
307
805
409
606
101
917
272
434
770
343
49
690
124
769
332
528
304
209
931
526
292
922
721
245
606
970
923
473
902
145
160
429
428
961
410
337
936
222
819
872
587
43
415
965
8
284
953
220
464
963
467
915
123
821
356
485
807
933
131
823
768
572
605
11
414
882
418
710
396
926
382
563
978
667
811
674
490
276
850
931
105
999
773
818
407
798
387
965
224
16
495
364
996
376
182
540
984
434
705
138
610
903
874
580
159
640
803
193
505
428
926
311
145
339
477
868
41
430
499
89
399
337
52
414
595
214
413
784
798
786
666
995
25
723
703
624
179
107
818
897
197
800
509
616
166
214
786
940
981
480
411
48
861
212
319
561
768
582
621
458
563
379
445
266
410
475
725
512
254
361
224
583
350
673
641
990
590
637
450
673
114
247
519
340
124
708
702
448
918
70
41
862
743
506
3
804
868
481
999
977
149
946
328
327
498
11
185
517
633
22
53
782
207
784
4
733
685
628
100
260
143
242
291
844
92
749
603
264
665
357
452
714
667
854
22
515
492
941
233
59
924
481
595
574
923
216
226
917
534
389
937
88
668
67
431
437
736
371
825
947
546
490
867
957
44
833
531
876
192
89
555
293
588
312
426
941
124
889
899
42
237
363
9
742
420
599
888
973
216
423
738
244
637
406
484
124
334
694
650
549
239
163
601
381
984
575
809
841
122
694
874
465
404
406
302
565
364
113
325
223
904
500
623
507
378
942
28
13
334
484
655
726
261
595
715
40
877
6
866
311
690
645
150
862
324
240
639
693
857
188
673
566
700
929
990
3
135
207
951
194
924
924
717
728
187
75
215
600
159
406
286
306
320
751
298
998
496
723
184
385
527
335
551
806
633
371
16
225
221
680
488
654
105
862
394
322
680
598
103
405
125
507
153
464
521
927
332
850
899
490
388
40
814
252
265
128
715
855
280
188
167
956
487
996
222
979
153
344
108
398
727
232
518
395
722
986
767
740
799
425
595
548
389
853
646
892
270
22
678
484
949
338
771
894
255
34
89
103
34
37
22
336
761
924
31
622
495
493
379
42
952
100
563
975
637
678
531
920
487
332
244
627
801
92
995
317
639
137
257
653
17
154
819
529
665
534
224
910
994
301
822
386
860
497
575
239
340
991
642
279
418
517
110
323
520
989
870
397
694
187
329
289
778
144
157
5
509
71
955
52
118
285
205
215
874
300
414
414
673
269
663
690
95
921
38
699
386
700
644
739
235
188
219
825
433
594
658
431
712
91
42
990
807
168
895
404
33
251
420
475
230
190
543
686
533
529
558
489
198
959
396
924
380
903
547
585
835
102
316
423
196
198
672
828
672
153
676
718
974
898
380
473
359
390
893
958
921
943
482
586
568
43
519
945
56
346
441
671
802
764
97
470
99
95
832
377
536
206
616
851
664
168
852
138
711
606
239
475
490
369
999
754
79
388
542
459
925
565
778
697
540
312
491
589
148
348
833
454
181
530
799
518
72
495
560
890
195
472
615
561
464
174
837
653
131
338
878
460
339
156
930
220
728
997
686
101
128
224
724
619
547
175
110
524
619
721
692
924
787
24
239
334
106
148
980
249
379
851
171
679
144
423
76
528
310
425
620
670
45
937
557
406
815
767
407
226
744
426
239
115
746
712
103
266
228
628
512
307
416
136
516
15
29
173
460
845
436
866
925
237
341
81
940
243
995
788
945
870
274
626
429
651
749
872
951
307
794
168
684
340
935
826
48
516
75
281
545
762
319
309
58
452
593
9
654
985
176
815
885
129
512
911
91
603
5
16
531
945
19
275
306
374
831
416
62
407
472
942
859
345
513
255
756
727
98
675
652
167
264
86
446
618
771
920
838
838
60
967
51
386
125
233
91
289
228
113
949
151
687
666
605
705
264
398
755
927
684
872
671
403
697
824
128
352
547
63
228
424
833
780
824
798
742
128
342
559
280
217
63
708
46
759
256
925
173
409
126
543
666
982
712
175
742
119
156
727
484
925
398
697
964
924
283
335
545
845
692
50
47
767
358
539
173
241
671
367
466
311
837
654
767
900
527
39
908
490
770
361
31
13
470
529
570
228
708
442
879
236
204
734
509
235
198
614
516
273
816
383
429
250
651
858
119
515
973
600
905
666
763
1
105
782
358
932
446
827
493
594
336
14
930
340
570
15
546
972
556
943
915
988
629
770
458
711
101
315
971
859
294
577
221
588
180
281
759
612
378
295
76
769
675
375
679
123
724
870
500
366
619
142
193
811
827
135
978
927
579
930
741
445
269
598
325
246
284
819
268
961
887
125
21
582
996
7
76
254
521
125
703
402
321
23
761
499
810
176
986
59
551
871
606
873
567
134
264
575
248
230
155
678
594
157
537
152
353
584
208
956
840
17
820
537
622
110
852
735
48
500
437
157
92
386
829
358
263
382
439
412
261
316
312
977
331
293
63
362
974
43
163
562
581
196
909
678
648
640
115
371
826
914
449
717
646
398
495
703
689
292
238
712
14
361
779
580
582
297
409
118
457
724
688
379
11
862
120
479
677
767
353
511
548
816
885
294
259
442
853
163
862
556
266
593
589
834
721
242
667
467
949
550
420
850
601
534
545
106
823
689
274
158
478
575
896
616
402
646
366
327
145
447
5
370
493
471
280
961
852
677
904
795
304
981
509
900
869
672
414
711
485
715
931
349
178
344
631
349
403
912
948
753
202
674
382
341
660
5
4
939
496
446
378
69
405
218
629
656
140
704
113
147
174
167
533
508
286
582
978
997
156
275
192
167
923
461
367
601
459
663
400
442
151
519
218
689
900
514
203
864
222
756
755
200
336
457
386
428
452
265
239
26
241
372
181
373
685
779
918
935
986
175
495
530
225
465
718
801
229
242
596
648
605
774
135
648
643
828
965
880
306
996
411
809
399
396
210
643
693
318
565
478
75
843
894
764
713
955
412
879
694
923
67
338
360
91
380
964
566
800
164
421
579
316
922
921
96
750
847
523
229
61
854
361
278
970
618
997
40
880
480
65
358
103
888
825
708
525
322
926
890
767
31
258
895
416
775
537
230
533
641
237
447
423
120
655
589
403
529
325
284
560
157
841
233
738
667
644
819
331
29
774
779
949
189
207
377
656
716
78
999
349
906
230
144
250
748
297
559
22
528
586
946
34
448
438
578
531
740
427
643
462
635
828
84
198
508
776
5
57
179
941
145
328
9
283
322
377
947
641
5
17
50
22
772
2
828
747
858
272
319
176
307
189
236
164
267
203
885
565
702
170
798
177
297
660
223
831
13
739
260
68
728
972
998
91
387
733
420
23
68
411
803
953
28
588
683
488
406
281
83
687
101
156
651
279
146
559
144
980
348
595
842
35
989
780
628
703
262
860
843
394
541
217
213
839
595
462
728
567
424
552
528
658
118
175
77
989
334
18
719
122
597
7
610
242
847
260
936
833
170
445
21
299
527
532
428
226
640
653
262
292
471
646
980
203
275
718
159
611
159
160
14
705
873
72
399
855
882
927
847
542
294
788
314
5
966
21
595
292
596
219
38
70
900
40
607
197
727
763
760
36
833
894
354
279
335
360
574
163
325
37
375
943
473
778
506
865
2
20
779
25
92
158
788
985
22
35
676
642
564
997
682
252
536
497
791
720
749
708
359
954
238
373
563
893
635
424
731
637
292
117
376
989
749
445
988
340
266
439
640
275
990
374
984
150
183
206
498
779
7
374
122
402
157
268
56
57
8
52
947
414
257
722
497
766
397
220
236
432
290
488
758
509
639
877
411
66
210
39
362
555
391
824
629
237
600
523
155
987
347
956
618
872
543
363
106
465
96
278
591
655
188
249
355
978
851
168
17
45
581
251
471
328
207
705
738
306
964
674
167
922
698
67
690
1
148
585
493
337
826
555
98
549
877
27
707
985
698
296
940
232
783
93
322
258
342
648
754
930
67
469
610
838
426
263
388
982
321
47
104
150
602
474
737
82
194
512
778
148
461
88
11
129
594
850
21
648
960
816
52
184
169
728
653
751
860
200
525
201
838
789
993
728
198
112
131
17
356
574
676
778
595
124
957
469
530
616
119
47
142
382
14
537
488
984
704
118
275
352
213
27
825
283
538
827
238
988
953
227
654
679
495
644
29
391
992
242
70
787
359
45
981
250
633
599
578
502
108
499
969
891
695
318
57
867
825
855
200
924
900
704
271
84
11
39
420
727
698
496
212
280
459
499
273
939
420
236
50
510
922
217
531
60
9
584
819
199
845
645
520
686
712
420
195
972
227
212
156
276
466
94
408
715
818
704
484
753
760
305
202
892
584
918
924
439
113
375
501
630
842
867
607
395
675
698
367
680
337
765
467
313
370
257
113
630
988
955
115
135
664
576
197
395
272
128
212
114
39
370
96
898
866
232
826
957
952
760
446
414
159
503
770
987
231
432
797
809
186
550
981
707
743
756
177
502
521
744
406
955
109
494
155
224
930
746
942
374
231
454
45
580
99
559
376
527
542
722
868
880
480
40
712
974
444
126
375
297
539
111
475
57
443
57
881
536
147
974
140
274
70
29
32
89
703
148
901
827
57
463
650
747
20
277
975
699
287
960
85
209
190
150
124
170
754
910
791
94
580
420
737
248
826
698
714
88
274
887
916
386
783
941
195
101
676
859
708
531
499
40
663
787
406
395
218
40
29
863
813
739
92
908
727
294
934
586
879
113
413
230
450
921
75
862
965
515
12
800
837
234
683
509
866
665
748
14
870
318
520
131
418
169
779
11
874
524
208
601
639
389
596
739
49
459
797
985
67
218
333
308
597
781
990
7
709
581
801
821
77
107
594
736
111
725
341
976
321
958
757
429
258
665
272
414
479
978
252
118
938
902
33
123
202
640
502
625
288
17
636
175
907
505
931
424
792
789
323
103
596
923
409
266
176
13
307
15
508
480
911
707
965
660
903
710
509
414
807
413
356
326
258
192
965
421
415
926
433
174
611
162
900
289
112
624
874
290
76
368
131
188
850
832
3
969
116
218
728
881
629
268
352
949
787
471
778
579
265
17
958
288
53
541
920
234
104
350
368
412
430
387
999
47
578
267
80
99
404
527
956
274
902
786
243
948
936
916
2
408
813
775
173
680
789
190
37
104
917
952
71
367
477
190
706
848
786
703
700
651
163
607
554
178
708
749
513
574
805
822
134
895
96
377
674
331
812
799
856
262
105
230
149
825
90
722
934
326
324
607
806
245
100
465
696
82
124
677
923
236
386
135
487
435
801
7
606
89
848
112
561
147
905
74
210
72
96
597
967
134
293
32
809
108
766
390
946
859
429
448
772
990
162
545
770
456
303
50
8
414
169
39
712
342
57
120
37
753
678
209
534
540
504
792
264
62
786
821
621
954
785
743
112
993
594
472
966
913
102
463
862
785
471
15
950
900
586
601
942
591
788
221
267
803
277
543
829
690
683
454
365
278
632
602
12
963
461
462
325
954
705
307
54
926
532
24
841
915
831
429
982
873
847
260
765
578
452
757
331
938
359
96
519
192
318
472
891
99
224
897
385
445
91
187
267
601
9
395
525
553
619
75
386
382
144
798
545
822
528
327
581
962
778
390
732
303
775
932
303
159
490
166
83
544
540
425
562
808
638
735
244
501
701
952
844
449
868
759
363
102
807
937
848
234
722
976
945
665
267
155
134
910
451
675
929
371
515
717
591
320
454
27
650
125
156
686
441
139
648
556
777
851
707
305
539
726
84
571
563
781
199
738
31
150
433
934
391
688
793
769
524
983
217
892
136
970
758
861
983
648
341
666
361
901
957
900
358
379
381
391
431
524
913
805
194
8
527
137
958
115
905
721
931
106
181
794
865
206
3
473
938
297
560
2
568
382
613
509
333
556
874
588
731
41
309
557
1000
457
562
344
900
993
295
906
879
23
356
16
213
845
589
359
664
377
531
222
162
193
532
958
346
463
898
368
457
730
798
95
254
306
171
546
721
882
610
305
34
366
620
81
119
125
435
866
1000
929
495
539
295
445
164
398
849
325
524
213
147
890
738
399
735
398
451
762
30
207
683
576
37
891
363
301
848
348
601
490
183
947
367
599
757
87
610
302
215
347
962
771
122
260
105
673
853
506
480
670
466
404
540
865
564
309
573
264
524
480
287
697
589
37
771
446
744
547
811
38
544
606
576
876
345
579
848
216
801
475
125
772
928
755
164
12
607
264
61
383
465
812
893
45
536
421
32
159
499
11
247
581
484
598
411
989
667
696
167
612
892
282
441
586
576
133
572
363
401
47
721
173
314
598
744
631
77
314
281
203
813
420
355
801
714
560
60
930
713
708
504
658
610
341
406
501
427
980
903
401
298
189
198
534
489
266
168
451
683
441
89
55
244
753
32
522
344
866
232
717
614
226
62
475
678
437
742
255
426
84
251
639
560
728
418
700
465
975
971
650
97
706
708
759
22
894
862
44
25
534
926
491
830
364
908
913
666
721
276
129
461
884
692
700
9
756
940
163
222
933
830
741
809
586
630
721
390
787
22
430
609
648
626
116
476
693
893
512
935
218
361
283
597
698
761
284
602
13
494
504
514
212
712
274
306
254
99
344
483
495
680
465
432
177
601
503
931
677
409
10
612
952
499
983
156
949
519
309
630
532
912
712
744
255
819
309
986
176
560
913
945
405
194
321
622
133
525
247
968
66
88
409
541
850
757
319
862
573
999
645
684
367
551
847
305
744
136
715
229
543
827
980
147
260
934
421
601
664
191
637
102
31
779
611
213
59
359
33
83
797
365
22
2
646
635
746
617
925
217
56
140
105
283
425
346
814
192
90
582
464
288
351
506
402
591
503
188
814
436
7
348
997
950
550
748
268
875
842
176
713
642
334
822
364
516
234
451
351
812
930
150
220
316
468
404
250
364
407
297
231
258
915
134
729
872
976
116
390
442
689
17
590
825
149
610
896
446
403
412
826
783
348
919
468
515
22
130
597
535
306
237
431
561
821
214
94
220
909
882
321
346
985
232
366
698
907
314
973
415
565
109
917
202
815
73
601
778
143
405
796
346
338
713
785
756
817
951
671
566
555
159
24
353
341
115
773
514
168
200
676
633
435
437
946
123
913
178
425
472
266
666
229
204
333
933
792
847
499
281
412
892
68
755
76
364
146
7
58
578
289
372
193
183
74
860
656
650
980
731
944
332
620
227
481
970
789
145
882
162
804
235
423
890
501
848
737
874
286
953
90
950
172
136
404
523
311
886
403
208
720
697
975
314
791
233
358
381
609
286
627
608
495
874
542
798
361
742
678
241
727
650
743
471
691
630
892
507
714
86
389
85
732
335
957
347
109
970
926
81
193
282
10
513
404
729
532
918
869
910
573
146
150
934
250
157
306
249
229
902
296
441
666
752
186
736
224
925
320
37
114
116
958
559
825
745
315
202
689
606
656
459
971
302
639
846
888
391
283
747
405
264
849
218
274
667
961
659
893
100
178
133
232
454
398
58
736
98
128
784
412
5
486
565
764
648
221
294
135
390
535
547
522
303
393
568
283
914
917
268
664
174
225
58
401
951
250
566
706
275
287
971
428
94
824
521
939
933
932
872
878
420
353
283
418
406
579
361
97
287
409
575
661
715
995
500
255
909
297
48
553
407
35
671
112
243
656
830
182
625
747
630
113
302
295
974
61
634
23
548
980
279
632
566
715
266
238
634
768
32
896
292
473
326
427
121
816
80
565
576
103
13
220
567
827
457
389
537
228
662
108
790
725
208
898
291
360
289
146
925
234
4
727
469
868
893
161
841
649
869
279
599
893
130
678
244
797
266
745
506
139
452
424
657
470
787
156
523
714
289
94
441
664
724
934
210
149
997
684
863
229
854
236
963
423
962
70
44
530
86
723
436
282
107
568
610
334
327
271
7
909
286
178
631
842
983
201
765
85
221
531
542
364
674
274
650
799
410
994
908
284
671
604
521
311
928
673
297
264
90
878
506
446
907
939
120
579
974
257
459
135
481
398
505
393
460
90
636
863
172
777
151
670
516
488
36
239
736
447
813
979
584
954
77
204
937
737
231
63
45
704
668
318
763
726
923
64
247
268
674
712
168
530
220
545
259
971
637
785
78
248
424
65
161
667
359
119
492
664
773
708
492
679
916
241
435
727
26
235
707
146
150
842
417
951
767
736
103
11
581
181
415
616
426
440
265
132
227
347
316
402
529
308
324
31
324
203
994
243
772
409
433
356
433
91
597
888
222
954
463
242
559
344
579
402
136
462
603
399
49
15
15
750
503
531
192
426
707
148
528
101
961
88
31
542
968
65
853
702
205
608
766
974
620
338
880
414
904
827
167
873
541
45
700
65
3
653
61
345
465
660
782
205
633
234
903
717
1
387
163
199
155
726
731
770
933
567
695
174
797
504
802
200
938
618
995
340
194
815
777
145
111
536
971
799
765
751
683
141
481
127
487
765
383
448
51
150
270
26
992
824
492
178
386
841
717
954
510
335
353
582
721
504
866
917
210
388
943
118
437
743
961
533
20
664
325
207
372
767
774
709
185
836
448
942
182
338
45
316
250
494
258
110
24
591
768
722
877
315
373
683
20
720
673
404
874
681
572
990
481
7
714
706
979
749
426
231
453
248
467
495
840
786
434
128
100
244
749
265
883
369
279
205
990
656
361
901
628
132
331
963
465
606
983
658
951
586
10
226
469
450
660
311
833
976
427
36
423
94
243
329
374
945
399
716
412
60
704
982
401
72
831
447
727
549
759
828
597
639
260
582
110
528
54
987
280
921
119
386
24
366
814
289
439
384
650
43
869
136
135
342
324
173
925
358
536
536
59
363
111
527
657
937
194
190
335
557
475
270
961
235
149
532
602
613
270
151
334
413
242
869
196
166
332
337
898
923
317
351
160
25
442
380
364
282
985
45
997
440
45
229
648
143
418
880
121
443
887
122
907
366
483
895
933
562
746
529
593
530
224
368
965
262
347
358
360
393
779
30
175
574
560
336
101
716
588
511
512
415
499
959
25
590
355
286
100
23
817
419
901
559
494
337
501
631
572
710
540
765
814
609
84
482
679
195
679
482
344
302
889
769
359
696
970
537
457
27
354
341
295
368
389
125
11
859
625
215
305
127
67
27
510
396
948
299
364
233
217
779
507
375
62
193
627
365
275
500
207
382
774
995
713
166
343
419
981
896
691
417
445
181
410
243
886
766
470
180
789
18
459
680
954
679
733
729
423
457
865
825
696
495
374
652
492
847
304
927
676
674
225
146
17
913
979
690
397
990
948
311
447
653
369
289
198
269
262
741
227
922
628
271
206
715
384
349
164
283
685
6
237
352
732
270
262
676
597
155
259
996
13
737
278
754
1
406
2
577
270
264
258
351
665
775
252
211
159
333
101
879
861
306
166
30
409
591
576
264
389
773
542
935
18
940
157
470
462
127
841
37
805
728
822
977
267
262
828
391
683
435
152
561
220
561
961
30
593
55
650
169
628
311
405
589
227
799
691
276
464
384
691
445
101
229
783
559
237
570
864
993
292
616
335
724
232
439
484
975
817
671
943
955
568
816
735
52
902
434
515
229
596
691
258
856
893
544
654
993
413
638
967
286
510
348
289
606
593
520
702
3
990
347
5
775
78
309
586
575
860
939
500
769
430
747
457
217
414
299
463
65
660
462
194
775
498
238
301
990
241
145
319
417
685
359
82
54
93
871
545
362
54
774
305
926
765
245
535
895
588
625
21
202
646
424
43
864
519
125
397
247
343
663
112
356
696
619
621
734
111
919
892
862
44
783
491
947
305
592
220
588
241
164
597
917
145
217
779
581
78
345
122
93
904
98
923
980
341
912
400
958
475
458
358
385
18
478
798
679
197
576
849
715
53
353
705
446
139
802
833
341
151
662
892
983
582
454
223
526
103
100
990
570
605
171
10
325
87
39
826
241
842
183
859
410
374
444
436
575
182
910
571
335
462
803
321
556
962
281
510
385
124
231
605
509
695
658
543
832
955
580
616
738
406
483
91
969
529
100
57
451
698
474
403
309
956
245
244
273
543
691
8
811
164
656
505
334
123
70
551
311
695
441
874
606
573
170
301
495
514
761
806
611
444
278
838
454
473
265
157
151
279
327
471
913
867
204
358
754
978
480
655
560
819
953
140
145
553
289
196
702
166
628
996
158
784
914
4
481
602
794
931
376
162
227
77
845
578
473
651
118
62
792
613
765
303
709
115
903
576
647
125
754
885
459
433
1000
245
886
875
781
405
495
492
827
779
551
486
162
428
157
755
18
819
624
829
975
751
193
149
709
741
692
774
611
5
19
743
428
742
65
117
931
16
348
862
677
383
721
15
312
232
612
597
400
89
832
714
84
509
172
398
119
566
329
708
86
970
145
996
922
861
335
161
767
648
939
749
428
266
739
746
252
922
679
205
275
125
573
744
171
494
165
341
563
826
272
768
214
112
16
403
144
465
232
221
417
866
108
961
207
658
614
889
484
596
522
452
242
280
945
704
491
393
990
919
69
61
218
423
920
616
447
665
45
765
320
865
730
892
62
325
606
118
404
385
919
836
796
753
621
78
34
742
815
720
274
592
216
754
295
174
367
469
569
129
996
451
304
735
318
330
639
522
901
677
795
106
795
269
266
538
821
709
977
583
155
35
343
622
394
378
294
322
938
683
484
589
751
26
33
760
918
106
795
698
551
70
353
414
622
438
262
737
957
440
307
242
521
605
827
798
529
58
599
699
256
731
826
209
494
917
114
10
934
235
207
359
596
36
730
418
637
107
815
584
570
356
306
320
824
670
705
744
931
821
258
643
178
371
418
539
708
101
561
349
107
854
227
367
525
813
537
937
835
996
470
306
503
925
851
406
879
177
661
928
934
56
729
998
967
488
485
986
562
650
79
829
460
870
941
761
242
164
199
996
809
711
340
720
390
653
639
586
441
980
915
98
96
260
958
468
92
136
296
749
930
632
251
628
881
842
100
476
232
34
503
68
269
761
248
620
290
423
805
254
338
64
857
945
204
564
325
477
822
677
965
707
504
904
371
226
297
10
126
290
100
566
202
888
136
87
625
788
634
17
153
271
108
487
415
609
461
820
270
623
596
95
125
692
87
836
549
354
174
407
796
548
986
171
693
764
859
223
323
63
716
343
53
717
132
170
535
682
685
701
410
785
834
350
383
142
836
969
473
958
963
125
771
178
380
827
352
360
439
895
211
567
999
143
519
572
859
145
908
524
920
72
950
845
140
78
806
631
674
444
796
561
295
77
287
561
363
295
970
856
191
436
772
69
433
771
578
709
968
671
425
429
748
959
318
357
645
463
6
554
321
309
921
608
817
5
147
846
569
812
114
498
136
545
515
62
522
995
722
530
355
54
309
188
227
658
36
510
2
338
373
459
71
621
572
5
535
807
95
720
419
357
738
482
835
90
198
19
12
265
338
915
888
681
715
366
779
251
941
328
349
402
976
101
626
360
928
576
428
445
94
498
494
106
203
678
516
844
746
587
978
901
512
155
912
434
907
594
107
807
143
635
484
67
362
220
775
839
391
211
77
942
218
609
55
123
834
539
40
13
775
432
971
281
617
440
623
650
668
876
1000
879
890
815
289
645
938
643
207
709
366
396
576
767
596
97
749
372
782
313
276
502
360
265
429
482
762
377
671
606
269
576
703
70
510
140
122
637
686
840
787
886
700
627
643
359
876
380
658
251
233
367
900
364
520
678
741
877
975
489
745
141
256
870
517
18
643
22
921
806
912
266
563
266
977
9
375
45
459
315
885
160
1000
228
707
407
458
664
849
986
360
333
187
317
290
327
961
255
618
42
914
383
942
72
864
858
230
372
116
813
479
765
270
488
35
523
104
458
273
438
430
588
428
761
833
419
975
474
298
68
586
641
498
453
911
665
923
486
880
100
570
488
90
985
254
476
720
22
677
254
776
228
81
509
436
695
205
308
422
101
438
45
742
209
797
437
188
792
451
175
609
984
785
539
807
548
707
445
686
749
518
829
979
262
485
387
701
663
714
695
697
255
120
4
18
42
334
198
958
503
991
491
762
975
752
684
141
948
900
384
385
432
550
672
271
653
577
331
143
152
590
867
993
132
339
356
904
200
588
737
965
128
279
224
303
887
826
848
834
220
215
715
323
257
769
956
913
213
586
404
713
809
403
246
303
954
802
427
421
722
491
610
976
668
563
249
188
324
576
34
730
148
35
911
560
983
854
807
779
128
123
273
535
630
878
817
213
835
302
754
773
136
21
741
564
956
153
881
780
912
626
599
823
628
469
591
814
791
400
817
574
724
890
105
551
745
613
257
447
942
227
155
616
508
510
800
732
581
945
261
770
92
59
421
60
174
802
464
380
873
704
935
886
400
46
344
516
105
146
248
732
768
834
181
332
494
906
289
422
197
960
786
182
288
665
617
764
430
900
197
41
915
983
317
392
726
196
290
857
583
795
608
862
629
639
414
817
595
46
694
148
138
677
419
569
993
384
962
979
441
452
557
476
772
103
390
397
772
716
319
429
231
168
680
366
787
740
830
255
651
427
990
434
853
278
116
309
167
883
945
683
413
426
631
995
269
601
301
863
490
136
75
418
420
754
394
761
401
903
611
783
370
568
602
687
359
694
623
752
970
962
260
567
170
473
448
570
482
861
605
788
314
690
587
732
300
303
496
936
835
874
438
379
189
722
583
653
875
872
689
116
158
419
396
890
933
29
201
706
207
120
251
861
826
332
849
723
755
336
47
592
648
910
157
843
251
568
24
497
729
12
742
912
395
499
629
478
737
693
283
291
31
311
303
208
35
808
282
852
220
100
661
815
509
367
432
166
292
283
214
665
873
375
799
262
896
184
26
707
574
960
824
902
526
88
758
353
149
4
903
325
460
687
383
708
971
301
477
931
778
309
519
665
153
146
22
491
976
797
95
714
580
280
321
689
942
802
496
152
308
177
28
158
677
340
106
455
143
741
196
884
839
793
929
686
762
775
621
568
974
504
746
982
570
808
876
772
74
416
843
257
384
505
551
786
798
286
492
766
5
330
304
981
527
65
383
56
312
163
540
220
778
48
553
200
40
259
317
157
15
826
853
306
622
628
228
977
316
498
555
119
603
117
924
258
330
24
438
86
916
122
548
154
36
144
963
947
447
958
7
535
881
750
140
472
794
755
953
474
476
790
521
771
588
72
819
841
607
37
325
601
904
388
134
133
850
789
788
516
33
154
684
65
123
276
410
637
377
488
397
856
155
765
958
741
942
229
610
239
374
453
483
421
803
625
423
873
99
690
874
847
145
720
90
616
523
244
359
891
7
157
736
495
29
565
120
277
7
314
502
375
983
119
738
224
721
391
180
904
716
350
108
606
491
248
437
564
571
574
969
47
894
489
246
487
933
463
18
19
124
121
290
787
368
362
418
43
341
611
124
356
686
792
403
844
408
642
766
587
520
676
649
304
328
813
939
808
539
459
847
21
736
322
542
746
101
986
180
620
806
986
916
313
274
916
252
729
533
609
681
10
592
122
911
528
240
609
876
996
294
380
200
425
439
414
216
915
353
981
856
664
868
82
464
815
872
532
842
440
924
684
24
557
766
460
878
736
745
276
168
814
92
584
923
214
378
798
178
677
865
121
623
785
161
297
638
826
101
629
729
95
661
225
335
903
140
870
907
595
230
743
675
795
2
918
82
842
873
676
552
636
923
189
805
442
754
899
535
482
5
897
356
935
455
538
85
55
271
516
849
674
910
381
246
98
130
548
787
550
538
315
192
533
144
328
892
909
509
233
41
253
821
654
414
140
158
465
599
781
744
708
199
10
765
319
618
868
144
52
824
149
504
361
97
902
681
40
596
453
830
489
388
381
504
644
794
664
332
175
214
393
484
211
889
490
618
555
65
282
987
593
935
658
358
330
793
914
956
477
517
654
792
929
730
187
865
904
914
657
799
80
385
83
982
534
95
952
77
787
753
53
216
625
867
352
519
607
872
189
550
436
60
487
636
124
188
914
549
484
532
344
935
517
589
445
299
922
140
190
849
660
215
200
13
727
512
331
616
111
922
560
378
363
560
446
816
347
757
276
861
167
480
417
373
644
336
155
74
519
211
469
668
398
642
249
845
495
775
417
652
695
875
987
35
119
990
759
672
957
243
497
543
93
114
487
357
813
56
43
977
551
34
598
837
851
18
467
64
411
660
742
777
762
258
328
461
15
471
887
157
834
559
614
948
480
378
679
200
422
131
168
61
558
223
318
966
106
110
818
741
79
310
351
955
393
515
767
587
629
536
139
376
939
422
523
994
552
203
516
320
391
336
112
85
330
260
529
221
82
257
327
261
901
33
840
372
598
245
510
34
241
499
398
850
576
617
972
87
882
545
3
894
958
538
996
706
884
604
131
46
158
811
441
789
94
166
722
972
105
426
506
370
114
162
927
93
137
934
82
9
740
702
597
701
752
263
365
82
900
837
649
479
793
928
182
496
463
886
393
942
534
229
886
913
261
58
162
821
76
529
555
632
761
450
901
649
402
880
320
198
664
678
617
859
295
802
637
652
741
637
872
619
181
413
771
984
650
17
49
436
35
490
153
810
246
310
322
935
313
24
606
194
990
831
833
442
114
72
727
100
963
773
21
519
853
282
35
372
494
76
647
396
598
539
312
91
169
667
675
86
13
497
665
638
193
765
943
441
339
548
274
808
885
574
85
910
600
47
773
42
526
78
103
820
257
192
198
644
86
562
375
398
959
511
180
817
492
662
40
912
880
859
238
358
224
526
879
931
655
338
628
79
349
55
713
73
9
859
512
996
744
684
977
9
412
590
464
885
854
602
194
985
936
896
796
979
41
351
266
847
364
29
385
896
520
30
711
128
368
975
909
547
656
211
808
140
322
705
695
172
182
719
653
221
616
620
776
568
888
82
461
276
255
96
120
977
401
265
160
704
892
248
398
9
977
674
156
919
615
713
869
743
713
588
623
235
290
566
538
376
372
368
997
64
9
566
879
597
720
115
755
433
713
303
148
397
512
680
332
208
595
915
403
22
149
134
843
268
789
135
677
432
936
674
967
562
928
199
104
160
435
969
272
572
858
237
438
410
917
214
211
635
209
295
61
219
273
788
630
917
449
216
222
273
469
824
690
275
5
120
259
821
140
941
891
841
736
292
50
527
357
154
484
249
471
170
215
614
558
119
75
508
970
92
328
566
495
155
392
456
263
201
968
394
24
653
370
63
779
461
866
695
378
671
325
6
478
417
719
165
70
629
25
577
588
975
401
426
926
607
379
518
199
362
371
201
143
276
882
516
636
960
92
543
993
852
203
72
88
374
238
99
756
652
267
776
927
350
477
341
920
689
208
683
384
555
671
835
663
502
875
746
53
970
797
780
699
890
6
378
515
409
471
165
895
765
482
381
33
960
302
826
870
647
732
839
61
844
977
295
790
79
613
915
10
137
458
421
260
474
457
875
822
25
591
354
384
726
583
895
799
750
795
990
417
846
11
523
417
808
723
39
491
425
222
661
150
387
493
675
637
546
38
100
321
443
427
68
460
982
229
909
137
600
21
421
993
382
832
923
502
309
324
534
282
545
850
480
769
519
176
200
157
568
772
166
503
704
506
243
961
241
510
869
918
292
229
431
925
9
59
496
224
273
702
205
834
357
957
145
885
950
159
887
72
732
720
389
604
465
366
668
433
210
564
257
847
732
712
770
544
137
230
208
840
362
125
777
568
38
457
166
254
24
788
608
289
7
194
464
24
404
241
411
350
307
559
588
876
979
27
671
905
835
426
147
171
534
967
935
406
42
178
603
684
186
63
124
728
415
649
973
511
178
834
10
838
279
483
525
835
563
933
469
507
632
417
818
949
72
249
117
501
142
50
389
112
243
813
401
399
772
719
434
576
332
838
620
124
590
13
999
931
634
878
717
875
889
343
786
499
875
789
32
732
365
633
662
487
821
983
487
108
297
81
187
655
445
521
587
982
160
93
691
978
691
560
824
705
7
747
93
391
200
98
311
769
714
258
267
425
803
611
137
114
134
194
542
155
164
105
221
181
182
515
308
553
574
799
888
423
958
359
753
107
568
251
239
897
4
217
798
662
795
839
198
588
96
552
993
379
330
928
142
304
57
776
851
278
22
570
958
555
461
443
770
342
934
360
171
752
280
856
662
570
143
850
387
951
576
536
573
358
781
303
559
555
138
349
514
453
252
221
671
166
390
127
120
5
261
464
920
878
985
42
986
276
340
873
515
1000
658
570
577
610
754
505
845
969
819
221
6
264
948
621
953
460
4
570
407
753
461
848
754
239
346
244
368
376
865
17
986
545
598
906
138
944
6
248
800
139
828
614
473
130
90
236
376
243
779
119
275
278
197
177
661
319
701
953
316
157
845
88
789
433
73
3
170
393
877
90
653
419
778
323
610
896
329
665
375
242
11
425
956
362
846
249
641
577
569
538
196
126
34
92
43
863
942
513
385
385
748
987
459
618
319
649
866
280
51
725
758
370
729
275
650
404
89
475
784
877
879
611
209
977
616
631
147
582
754
856
363
909
450
87
142
271
85
990
995
552
977
285
805
316
752
11
4
232
56
400
675
17
353
100
304
702
804
532
125
574
843
604
432
632
578
305
380
875
746
128
436
851
664
33
811
826
173
458
391
455
348
882
140
169
604
96
278
460
480
271
102
465
33
804
576
255
325
326
296
733
343
290
494
300
917
885
316
323
298
599
142
395
419
778
717
104
578
668
513
486
893
561
540
476
214
204
865
668
359
130
641
136
566
551
176
88
994
196
71
72
675
495
161
919
658
705
244
659
82
620
457
574
598
30
92
913
890
518
453
338
203
327
590
345
436
445
557
422
796
641
213
929
464
74
89
315
9
546
404
15
904
441
392
841
303
503
464
291
685
403
13
937
442
422
453
446
936
270
635
245
892
484
971
831
507
811
3
368
447
699
385
875
972
970
908
67
805
400
422
599
841
654
909
271
20
156
178
770
249
550
76
150
219
717
30
252
561
164
568
216
683
278
614
211
305
560
322
402
896
581
646
175
108
197
126
293
135
411
278
459
754
23
649
743
741
521
746
179
653
947
923
543
292
862
964
819
674
66
756
68
830
560
525
856
922
190
441
613
246
833
554
479
810
192
271
39
709
675
292
784
904
898
155
953
347
671
180
57
564
233
690
211
270
79
401
552
971
80
686
879
759
731
597
563
778
108
661
515
641
314
603
411
926
579
757
527
505
855
785
722
555
378
140
558
455
95
389
266
541
426
330
812
336
286
567
646
608
532
725
930
86
805
97
519
353
920
585
168
210
918
263
399
752
836
793
223
582
199
101
534
603
720
907
45
581
580
387
752
145
126
572
20
3
232
149
643
67
323
657
633
214
649
115
648
999
134
862
139
8
566
337
706
262
763
987
438
402
432
603
74
208
321
635
771
159
800
993
123
844
818
862
277
747
468
825
640
411
271
347
406
179
189
767
51
299
425
714
564
585
156
150
85
679
742
668
811
176
927
6
631
24
97
253
233
117
777
49
139
247
286
444
251
777
603
960
936
224
805
830
468
394
698
890
974
20
548
931
608
961
789
809
740
25
34
550
529
883
220
837
737
20
805
824
601
808
451
885
363
648
385
138
956
506
220
874
435
978
473
938
459
374
995
683
411
175
639
223
200
913
630
582
250
799
963
135
409
514
674
667
688
670
555
204
190
451
870
101
8
766
984
626
575
167
489
397
697
811
569
694
763
224
344
287
65
281
221
858
178
686
662
765
730
820
948
78
509
573
666
39
494
861
955
644
654
811
610
445
852
381
695
834
686
967
889
72
784
36
989
948
655
513
782
824
889
89
219
166
553
188
453
172
870
396
990
570
820
440
309
104
54
753
172
829
20
904
915
549
321
188
374
425
128
42
606
765
587
753
150
419
884
376
798
899
532
545
271
455
598
427
312
774
20
676
342
288
922
384
695
438
536
502
797
716
690
919
141
581
948
478
320
716
721
927
207
179
259
265
960
792
953
418
395
1000
252
251
156
446
859
497
35
978
601
592
538
923
699
309
939
254
444
211
974
933
417
390
701
279
918
468
826
422
111
886
721
298
981
241
39
338
887
591
428
88
130
160
419
479
891
991
14
824
808
697
763
525
505
598
418
5
747
578
756
925
615
291
257
81
701
804
429
157
357
974
629
368
862
462
849
435
490
532
321
266
922
258
7
241
386
198
642
762
589
786
304
75
841
839
705
525
278
749
575
406
219
684
716
738
809
380
625
920
928
849
730
967
709
254
357
828
104
477
983
198
347
958
218
302
110
315
727
349
673
586
9
224
216
635
829
664
403
707
52
256
111
692
256
858
666
440
479
414
564
680
440
236
160
157
564
725
800
380
246
334
750
929
881
284
83
468
320
103
969
358
689
109
313
363
82
855
28
69
935
698
480
24
405
406
249
25
3
376
248
382
324
874
441
707
11
153
493
166
56
654
521
744
129
295
885
144
235
65
55
374
282
64
599
737
118
66
12
106
706
26
791
571
785
942
588
67
498
110
135
126
109
50
109
403
407
384
854
59
911
440
224
670
129
987
817
284
331
571
446
185
112
170
44
337
421
960
975
198
528
813
478
114
807
262
891
767
333
596
50
254
47
106
945
215
418
674
922
615
612
989
812
77
667
538
174
797
36
936
198
785
116
110
636
395
268
520
88
137
756
913
558
284
119
534
67
339
785
298
995
665
432
920
739
267
254
285
98
1
439
586
282
202
75
867
332
815
331
318
314
461
526
736
97
927
511
387
403
520
463
604
140
63
412
797
573
605
667
215
272
190
928
393
697
52
220
562
958
863
112
604
412
570
605
879
44
587
64
438
120
621
623
367
247
564
46
244
130
298
93
760
603
116
553
571
894
117
997
228
39
148
144
673
236
602
564
278
707
103
90
983
881
381
210
498
82
146
269
608
585
462
513
43
196
990
733
974
391
985
214
847
928
417
657
781
847
93
37
839
540
336
884
762
851
947
708
84
508
30
719
301
680
690
305
625
32
481
236
364
405
657
85
298
974
967
768
599
767
502
616
239
440
475
117
554
4
466
261
793
91
839
631
951
869
364
819
434
474
99
186
161
447
730
6
411
191
728
145
573
796
32
449
588
290
577
11
222
935
601
621
432
648
274
599
471
591
856
671
468
304
534
867
971
479
854
7
361
939
162
829
156
29
231
245
741
492
957
594
192
165
269
421
344
64
294
306
53
24
510
267
784
915
458
49
930
314
877
526
2
618
723
539
948
820
317
476
993
459
622
39
458
417
329
496
26
499
146
780
251
329
540
278
769
558
37
404
569
95
983
766
262
535
276
875
931
9
8
142
94
407
397
7
954
892
278
465
125
692
593
402
281
402
41
882
252
493
380
945
164
682
346
289
591
536
664
129
553
146
176
851
89
647
941
588
293
740
292
689
466
216
936
879
60
812
828
893
848
749
554
454
997
498
796
610
874
973
985
727
198
400
37
4
859
280
825
576
867
781
862
752
540
502
736
529
604
480
459
313
887
874
480
843
256
724
908
640
239
25
63
